	acelgas:
1.225494
0.568931
0.793975
1.462069
0.654190
1.205585
0.045866
0.798288
6.110078
1.211471
	average:	1.407595

	alugbati:
1.345234
1.339734
1.136164
1.456688
1.508457
1.214693
1.366739
0.998160
1.399732
1.473268
	average:	1.323887

	ampalaya:
0.614752
0.877351
1.085636
1.042279
0.614752
1.155965
0.978755
0.728567
1.311359
1.582860
	average:	0.999228

	atis:
1.243825
1.340669
1.128536
0.525567
0.950533
1.092068
0.836225
0.950533
1.128536
0.866692
	average:	1.006318

	baguiobeans:
1.077555
1.366826
1.485349
1.061970
0.909672
0.898352
1.320048
1.393023
1.222964
1.545762
	average:	1.228152

	basil:
1.523334
0.943675
1.414636
0.729958
0.800379
0.868849
1.264996
1.429047
1.310765
1.563015
	average:	1.184865

	batawpods:
1.520994
1.533020
1.300335
1.533020
1.567220
1.403642
1.477803
1.491342
1.399489
1.394608
	average:	1.462147

	broccoli:
0.042634
0.851266
0.604985
0.080312
1.081396
0.622923
0.406637
0.328641
0.045866
0.197226
	average:	0.426189

	cabbage:
1.193590
1.016598
0.784300
0.868849
0.689023
0.815781
1.213964
1.168280
23.493961
1.020886
	average:	3.226523

	camotetops:
1.502675
1.601587
1.454762
1.418161
1.601587
1.481334
1.581707
1.542432
1.553300
1.315716
	average:	1.505326

	cauliflower:
1.103987
1.284395
0.868849
0.328510
36.073802
0.250656
0.941120
1.070505
0.793884
0.863413
	average:	4.357912

	celery:
76.108710
0.628698
0.234515
0.983654
0.868849
1.087602
0.821677
75.011895
0.795802
0.728567
	average:	15.726997

	chayotefruit:
1.034401
0.526572
1.091840
0.447099
1.016598
1.262226
0.418476
0.639511
0.992196
0.498390
	average:	0.792731

	cucumber:
1.004310
1.116961
0.822271
0.822271
1.529198
0.350356
0.863413
0.880234
0.933584
0.904265
	average:	0.922686

	guava:
0.364373
0.826485
0.497467
0.806004
0.835442
0.526572
0.418476
0.418476
0.526572
0.917766
	average:	0.613763

	guyabano:
1.052307
1.112692
0.943721
1.052307
0.653347
0.728567
1.290572
1.031421
1.177025
1.031421
	average:	1.007338

	kalamansi:
1.355330
1.483499
1.516734
1.422368
1.284755
1.345831
1.560063
1.482029
1.297615
1.241888
	average:	1.399011

	kangkong:
1.196065
1.625937
1.309323
1.564498
1.579168
1.574171
1.343116
0.222317
0.727216
0.222317
	average:	1.136413

	lettuce:
0.781863
1.120361
0.863367
0.561823
0.901761
0.940405
0.962966
1.053690
0.600909
0.646760
	average:	0.843391

	malunggay:
0.487726
1.275643
3.777695
0.779563
0.887989
0.219890
0.487726
0.412006
1.313787
1.324570
	average:	1.096660

	mustard:
1.344040
1.403292
0.281419
0.990832
0.625435
0.883398
1.273595
21.786557
1.037265
1.475802
	average:	3.110164

	okra:
1.443033
1.358191
1.213184
0.867507
1.052240
0.658389
0.905020
1.171913
0.934080
1.239964
	average:	1.084352

	papaya:
0.523387
0.665383
0.370925
1.365566
1.145562
1.373803
0.523387
1.051548
1.388930
1.123611
	average:	0.953210

	pechay:
1.084079
1.409814
1.446979
1.336871
1.565804
0.888773
0.626639
1.417412
1.527537
1.504375
	average:	1.280828

	pepperleaves:
1.395962
1.594324
1.235391
0.936100
1.321037
1.174771
1.363705
1.468144
0.061477
1.417735
	average:	1.196865

	pineapple:
1.402402
1.351376
0.625402
1.116961
1.413584
1.458305
46.719178
1.415768
1.403286
1.619262
	average:	5.852552

	rimas:
1.132538
1.188009
1.105741
1.128536
1.332661
1.366633
1.565613
1.098761
1.265422
1.538432
	average:	1.272235

	saluyot:
1.493989
1.422790
1.385136
1.356246
1.588857
1.483508
1.384350
1.111246
1.251097
1.563060
	average:	1.404028

	sangig:
1.583617
1.326999
1.324985
1.530647
1.548345
1.375901
1.277803
1.539220
1.384368
1.383117
	average:	1.427500

	sikwa:
1.384376
1.461488
1.348009
1.030757
1.313930
1.272279
1.375409
1.359039
1.320903
1.576236
	average:	1.344243

	spinach:
1.378276
1.078975
1.465758
1.116961
1.499765
1.003583
1.335448
1.376271
1.073665
1.376271
	average:	1.270497

	squash:
0.605790
1.352650
58.691702
0.277643
1.599559
1.518351
0.069488
1.502724
1.567938
0.714664
	average:	6.790051

	sweetpeapods:
7.500940
0.728567
0.729958
1.504874
1.296500
0.835281
1.141060
1.224684
1.249780
0.835281
	average:	1.704692

	unsoy:
1.508308
1.499717
1.595232
1.594514
1.321223
1.529897
0.779852
1.499717
1.427800
1.538098
	average:	1.429436

	watermelon:
0.978370
1.085967
1.182200
1.145562
1.316571
0.498328
1.328687
0.527264
0.933584
0.526572
	average:	0.952310

	whitesquash:
1.293997
1.096868
0.208709
1.376957
1.305077
1.331392
0.883135
1.174635
1.363186
1.032189
	average:	1.106614

smallest: 0.426189
broccoli